D1 = 

  1×6 string array

    "1"    "1"    "|"    "0.025"    "2.5e-05"    "0.99997"

    "1"    "1"    "|"    "0.025"    "2.5e-05"    "0.99997"


D1 = 

  1×6 string array

    "1"    "2"    "|"    "45.2022"    "0.045226"    "0.95477"

    "1"    "2"    "|"    "45.2022"    "0.045226"    "0.95477"


D1 = 

  1×6 string array

    "1"    "3"    "|"    "45.1984"    "0.088357"    "0.91162"

    "1"    "3"    "|"    "45.1984"    "0.088357"    "0.91162"


D1 = 

  1×6 string array

    "1"    "4"    "|"    "45.197"    "0.12952"    "0.87042"

    "1"    "4"    "|"    "45.197"    "0.12952"    "0.87042"


D1 = 

  1×6 string array

    "1"    "5"    "|"    "45.1992"    "0.16879"    "0.83108"

    "1"    "5"    "|"    "45.1992"    "0.16879"    "0.83108"


D1 = 

  1×6 string array

    "2"    "1"    "|"    "45.2062"    "0.20628"    "0.79351"

    "2"    "1"    "|"    "45.2062"    "0.20628"    "0.79351"


D1 = 

  1×6 string array

    "2"    "2"    "|"    "45.219"    "0.24205"    "0.75763"

    "2"    "2"    "|"    "45.219"    "0.24205"    "0.75763"


D1 = 

  1×6 string array

    "2"    "3"    "|"    "45.2385"    "0.27621"    "0.72335"

    "2"    "3"    "|"    "45.2385"    "0.27621"    "0.72335"


D1 = 

  1×6 string array

    "2"    "4"    "|"    "45.2651"    "0.30881"    "0.69061"

    "2"    "4"    "|"    "45.2651"    "0.30881"    "0.69061"


D1 = 

  1×6 string array

    "2"    "5"    "|"    "45.2997"    "0.33994"    "0.65933"

    "2"    "5"    "|"    "45.2997"    "0.33994"    "0.65933"


D1 = 

  1×6 string array

    "3"    "1"    "|"    "45.3426"    "0.36966"    "0.62943"

    "3"    "1"    "|"    "45.3426"    "0.36966"    "0.62943"


D1 = 

  1×6 string array

    "3"    "2"    "|"    "45.3941"    "0.39805"    "0.60086"

    "3"    "2"    "|"    "45.3941"    "0.39805"    "0.60086"


D1 = 

  1×6 string array

    "3"    "3"    "|"    "45.4548"    "0.42516"    "0.57355"

    "3"    "3"    "|"    "45.4548"    "0.42516"    "0.57355"


D1 = 

  1×6 string array

    "3"    "4"    "|"    "45.5246"    "0.45105"    "0.54744"

    "3"    "4"    "|"    "45.5246"    "0.45105"    "0.54744"


D1 = 

  1×6 string array

    "3"    "5"    "|"    "45.604"    "0.47579"    "0.52248"

    "3"    "5"    "|"    "45.604"    "0.47579"    "0.52248"


D1 = 

  1×6 string array

    "4"    "1"    "|"    "45.693"    "0.49942"    "0.49861"

    "4"    "1"    "|"    "45.693"    "0.49942"    "0.49861"


D1 = 

  1×6 string array

    "4"    "2"    "|"    "45.7916"    "0.522"    "0.47578"

    "4"    "2"    "|"    "45.7916"    "0.522"    "0.47578"


D1 = 

  1×6 string array

    "4"    "3"    "|"    "45.9"    "0.54358"    "0.45394"

    "4"    "3"    "|"    "45.9"    "0.54358"    "0.45394"


D1 = 

  1×6 string array

    "4"    "4"    "|"    "46.0181"    "0.56419"    "0.43305"

    "4"    "4"    "|"    "46.0181"    "0.56419"    "0.43305"


D1 = 

  1×6 string array

    "4"    "5"    "|"    "46.146"    "0.58389"    "0.41307"

    "4"    "5"    "|"    "46.146"    "0.58389"    "0.41307"


D1 = 

  1×6 string array

    "5"    "1"    "|"    "46.2836"    "0.60271"    "0.39395"

    "5"    "1"    "|"    "46.2836"    "0.60271"    "0.39395"


D1 = 

  1×6 string array

    "5"    "2"    "|"    "46.4309"    "0.6207"    "0.37566"

    "5"    "2"    "|"    "46.4309"    "0.6207"    "0.37566"


D1 = 

  1×6 string array

    "5"    "3"    "|"    "46.5878"    "0.63789"    "0.35816"

    "5"    "3"    "|"    "46.5878"    "0.63789"    "0.35816"


D1 = 

  1×6 string array

    "5"    "4"    "|"    "46.7542"    "0.65431"    "0.34142"

    "5"    "4"    "|"    "46.7542"    "0.65431"    "0.34142"


D1 = 

  1×6 string array

    "5"    "5"    "|"    "46.93"    "0.67"    "0.3254"

    "5"    "5"    "|"    "46.93"    "0.67"    "0.3254"